5
53
87
157
173
181
211
256
257
263
373
414
563
593
607
653
733
809
947
977
1103
1123
1187
1212
1223
1367
1511
1747
1753
1775
1907
2287
2417
2426
2677
2903
2963
3307
3313
3324
3637
3733
4013
4409
4457
4525
4597
4657
4691
4690
4993
5107
5113
5303
5108
5387
5393
5402
4993
5107
5113
5303
5108
5387
5393
5402
7793
7937
9311
9377
11939
19391
19937
37199
39119
71993
91193
93719
93911
99371
193939
199933
319993
331999
391939
393919
919393
933199
939193
939391
993319
999331
7
18
19
25
37
61
91
127
271
331
397
547
631
919
1657
1801
1951
2200
2269
2437
2791
3169
3571
4219
4447
5167
5419
6211
7057
7351
8269
9241
10267
11719
12097
13267
13669
16651
19441
19927
22447
23497
24571
25117
26227
27361
33391
35317